   public static void main(String[] args) {
      //Print First Array
      int[] numbers = {
       512, 39, 774, 128, 905, 62, 447, 981, 223, 517,
       64, 710, 356, 892, 145, 603, 271, 930, 18, 754,
       421, 607, 899, 132, 485, 290, 743, 51, 699, 812,
       37, 264, 988, 120, 581, 436, 305, 917, 249, 660,
       84, 553, 729, 301, 867, 472, 194, 631, 58, 792,
       605, 347, 963, 214, 736, 402, 159, 889, 276, 947,
       333, 511, 784, 69, 958, 423, 187, 608, 350, 820,
       46, 571, 699, 911, 128, 482, 213, 754, 345, 667,
       519, 737, 64, 880, 96, 729, 418, 563, 207, 999,
       14, 685, 402, 853, 541, 771, 38, 664, 129, 915,
       512, 39, 774, 128, 905, 62, 447, 981, 223, 517,
       64, 710, 356, 892, 145, 603, 271, 930, 18, 754,
       421, 607, 899, 132, 485, 290, 743, 51, 699, 812,
       37, 264, 988, 120, 581, 436, 305, 917, 249, 660,
       84, 553, 729, 301, 867, 472, 194, 631, 58, 792,
       605, 347, 963, 214, 736, 402, 159, 889, 276, 947,
       333, 511, 784, 69, 958, 423, 187, 608, 350, 820,
       46, 571, 699, 911, 128, 482, 213, 754, 345, 667,
       519, 737, 64, 880, 96, 729, 418, 563, 207, 999,
       14, 685, 402, 853, 541, 771, 38, 664, 129, 915
       };

      for(int i = 0; i < numbers.length; i++) {
         System.out.print(numbers[i] + " ");
      }
           
      int[] counters = QuickSort(numbers, 0, numbers.length-1);
      
      //print counters
      System.out.println();
      System.out.println();
      System.out.println("Comparison Counter: " + counters[0]);
      System.out.println("Moves Counter: " + counters[1]);
      
      
      
      //Print Sorted Array
      System.out.println();
      for(int i = 0; i < numbers.length; i++) {
         System.out.print(numbers[i] + " ");
      }
      
   
   }   